5456553035
5900118553
886164131
5745398751
5890457616
5458383526
1733832189
5041864183
1641581705
5436826965
643229545
5897755862
5873191540
1428444632
1692547739
5164474926
1367485717
1429904704
526349017
5329432668
5427033849
390346350
5460632793
5519036467
5572446813
5781578028
544484483
5239645373
1800292835
1170321442
5148767495
5475196436
5665528702
5337313747
5031563181
5622999437
1638687215
1820604261
6069601682
1401953169
5741471101
5630135840
5110481791
1696504625
5684206223
5003624212
5551175800
1493394441
5396003451
1999052610
5540738990
844642198
1203038475
1694906235
1426021942
721748435
5670085962
1944708963
669068614
5445159867
1222683393
950345410
2045955320
5113171451
5899751976
5569112347
5317295932
5021629502
1235092620
1665316892
1357727845
806575143
5026706898
5671768452
5889530202
5040098498
1463048113
6109115356
871239106
1648943295
1579616176
5813794105
5015821058
987212290
5851141162
1536526543
5270167466
1111315256
1805563510
6153514149
1044173737
1170925135
6137792896
5377161650
1535662223
5851756463
5475783386
1937032911
1530810375
5803039826
6279771747
5936278539
1726435269
920207470
5613645735
809456170
1527595739
771773827
6166635811
5207170911
1979212367
9515217452
1927448455
1486387869
2105772354
5906145065
1651908674
411593038
1580460110
1346088847
1348314092
1369793906
5270196998
6012157428
1971394160
5820854344
5435018617
1791103478
1487337503
1420077515
1595157268
5567482138
1590541283
5787049666
1126538495
5260245675
1020940204
5656963811
1085356178
5669682531
1344752556
850619862
636892082
1376238250
1292279935
5430228436
5865746494
1331595433
1716268996
1213635932
1394130314
1326014119
5512081944
1257267962
5621285577
5724337789
1497399880
5072140208
5151105035
6071267551
5586639293
6258363248
1190685054
1534713900
6070064579
5911292485
6257970573
5548345923
2056824078
1033597355
1706037532
5483429217
645205657
1093199622
5374023541
1518068668
2094896388
6073430161
1646620252
6132744288
6044543505
5516867584
834570998
6120554178
6104354648
5906722543
5279033770
1450516459
5684715930
1447630922
1313857624
1184223265
6029426886
1377115777
5419002998
5326038404
5144127436
5861415475
6097630435
1493654494
1070715754
1318826936
5721949879
6043368918
1422331800
1991559687
5805700448
1075557184
694696355
1426715975
5119728376
6083526578
5526388364
5940981141
1674874535
937892495
136817688
955360543
5277262283
1623817732
5866751625
5901878954
5237573586
1565756219
5920153147
1592813106
5988242927
853944283
5677444160
5814360705
5609930303
1349246746
1652611056
1588272119
6123126005
5519072178
5805283076
757476111
1432366194
1793526515
5503586028
1576440999
5069335336
711107294
6213649138
5913343315
1009299913
5153565605
1224286198
6165785737
5058906117
1791872136
974091917
1416083079
5784278078
2123388935
1366667151
5638989662
5159003223
5964430921
762331607
5329415166
843998586
1178612668
1867165808
5433406092
5176819430
6262210072
1348522574
6191975489
5106590703
6048643580
6205962369
1122228889
6108467165
1091684229
1084140629
1396849127
1856628113
5389171388
2010047132
5147740756
6281339018
5906018110
2053246428
5375178457
5871126099
562247275
659401850
1222506158
777000
2029669173
5233866232
5664612329
6040562026
5897501693
6084765701
5169271044
1257275885
5185117619
944244072
1857012370
6062904690
1805305566
1772258012
2077819238
5259059054
5069370180
1796424476
5622986396
5918176010
1120049080
6197663529
5537415321
715620863
5994796585
5665452362
1883701889
5875752557
5589686465
1887943442
5995930946
927612371
5381777131
6045933896
1625549036
6293787578
5908921701
6240851253
6131284677
5391708219
6120274055
5860310635
2102187753
6080256828
5863043548
1799841106
5880988041
6005835512
687499711
2104699413
982393414
5515954667
1925066474
5065558074
5653036325
1248202023
5302054483
1876567888
5617804368
1169260615
1950577113
1424595157
5026046015
5532547906
2031238818
1189846309
1174892485
1207502227
701828488
5469802406
5534664843
474156423
686694862
634502569
6199662788
5941291808
5902645880
5611039060
2090799917
5036591653
6073405332
926086477
6194353385
5370728189
5461604725
842770998
5142474345
5738845714
1732336438
496178366
6254296125
5593728696
6240121358
1816258952
5925301210
5437165951
6049246439
6251700821
5607176112
1632483365
676385618
415965284
5117742849
1835958881
5225472083
5872973646
2023916878
962841032
584644817
5264501009
5029525372
5260023700
5670699871
1718595333
1837761561
1069360909
1420732379
5440954935
5852185617
2113956762
1084993922
102011900
1642853446
1437304654
6283971347
1213483552
1848235552
5334639156
5260334667
1972236902
5595088184
770580360
1219448009
902672851
5870199584
5016187106
1814676715
6184055153
6139206293
1615839396
5596248156
1782047606
5601443867
1937530520
6210096371
1902081496
1014289867
5080721440
1890133465
5356093080
5567790895
5321225987
5607366145
5487433508
5384526304
1055216088
530215659
5497812904
1436822986
5884405670
5821442942
2038766454
5713836542
876189141
5833864340
6088832066
5462530236
978404573
1129102289
6042660431
5826907571
2058952842
5598715308
1779185171
5419972678
2135886465
1110440443
881657403
5992276802
1085552940
5486446668
5120568132
5626558703
2120174309
1000820363
1132060452
5856790839
1197559406
1284649886
6074159314
5405802210
6085853870
806288179
1330047630
5450685990
711193572
929729396
6255355577
6157946198
5117613900
1969020733
5165615436
1875861111
1001037531
1206891700
1489305652
1088566203
1552960654
6152591064
5435437592
6042574114
5563283359
2007402168
2059726075
1745834121
804942403
1605384566
361445084
5981132847
514971301
1416925132

1815426013
5493551844
5548459532

1080799920
5364301660
5959597739
961513542
5202875400
1627666515
6064705781
5377167893
1513633520
647888074
1344787957
605019954
1658217978
2055557004
6104358817
2084493870
5318143567
1373966283
6248793852
6151252690
5644213510
1468386562
5489551225
6296965104
6240192438
1687965071
5908451026
917238255
6179925588
5927332115
2087581327
1537870753
6029444487
1865002749
5652573458
5476306926
1345113791
1252413004
466840997
5817658075
1201839926
2116393301
5584000531
5285666837
5184098696
5869117565
1936837079
636109051
6229816418
663336419
5949110229
1314629853
1088117117
1261000051
685155784
5907998033
6227601059
5472940494
1698831405
1885163701
5143310277
5526662542
5109643470
1465837276
664812857
5338565297
1181342440
5871531883
5425968462
5759666033
1057894652
5942797487
1751647771
5788709930
1497683108
982679031
2017453124
6263922789
972373664
797211649
1441783145
6294777312
5481902799
1761695132
1553178022
1679897958
626121403
520679497
1884146472
6249008454
1832763170
1930397540
1289281877
5520144322
2046030251
5402236650
5002932371
5741744789
5721937335
1275610088
5875867518
5239345814
6115183691
2025462209
5605112266
6004635597
5563941164
1023132548
644719098
5136827819
1663718708
646210820
5912853057
5547570084
5736286168
750457982
1747969985

5049014447
768058207
1561444554
5872876419
6091031886
1880185601
5565497113
1566210669
5974726633
5992990234
818689180
1218665006
6104945625
364928422
662016654
6159437537
1122903289
1844535743
5181403295
5694257600
5762110019
2071102530
1501657467
5466509103
5568899195
6145490797
5835108701
1611792840
1166912047
1610638692
994383066
5907249333
1761001640
2086337061
1725374547
5819797838
6155722731
5589703594
5386649215
1881994516
803631214
5125285310
5813365299
6104256077
1285712992
6266136844
1136651376
1720020794
6151266774
5304135430
5898577230
2024449646
1348950760
5098687487
5973321498
6253488591
2138206078
865818760
6160158670
5888589268
5687846216
6174231023
818476111
5718083846
6047046824
5617357546

1490972041
1130246282
1354816123
5561876910
958808998
6207544518
5109183984
815334906
6222051028
5719767369
5462193324
461994543
1568270205
6172502166
741673217
5656193852
1119909652
5234147549
5931313419
1679105779
1763294829
1132637647
5145514410
5203049911
6154618975
6236705946
5779492156
5856634935
1669817627
6230499027
5550860597
5502081500
1302589018
444920640
1255346178
786644199
677326338
6251856108
6195257712
6179445777
1626781178

5484436751
997544216
5662358617
1561289781
6203497366
2009413561
6158539251
6020772526
650620217
6011788287
1023408834
484821395
6099732978
6195043245
829510844
5550944025
1286311163
1255716182
203513333
1082992118
5834881045
959757941
379670907
711626926
5905158429
1616132526
1739582366
1512424373
6026470678
5925945263
1084752874
6213974888
1840531681
5509484967
5934169728
5129461166
5805069379
1996958035
6043886625
5936110026
5037287809
5007052085
6136993680
5921905340
560779642
1295002958
5808789016
1093452373
5174048546
2117994832
930045199
5975657365
5913999337
1719139662
589679582
5276766984
5998971783
1938039354
378768720
5406188306
5680217192
5266105773
1459606740
6229637540
5335310738
6146437810
1461234326
1423340137
782376595
5869174870
5364824985
5821036232
1551557333
2064926406
6188805615
5283650586
5472228274
1681588522
1624241378
1984455340
1069420850
5005116919
5122489172
1944240707
5971956018
5091168791
5267510957
781206985
6104688187
5572540627
1898131237
980596074
1874021359
1980298618
6263588860
1109103016
680786103
1513107391
799040953

5813512210
1087968824
5475334421
1505623174
710546634
1065316008
613252773
6122810214
5711710665
2131582765
1938261322
5527451556
1670357496
680786103
6209361102
1083673684
5323122347

5990529921
5265245300
6145352849
643877455
6099626273
5226221430
6020074678
5377180341
1619234298
5516181150
5952669462
1597310639
1711842918
5097836954
6188533581
5303592401
1066406624
5778339895
5922411346
1332755111
5692013311
2072629383
5368975840
1743148130
1761357631
5999925996
5366142151
5939459827
1438004090
1589440730
5287458404
1401335391
854137571
1713694868
6015273614
6200300912
5775490930
1959293864

5783903802
5744468448
1210632474
6149312854
1709074712
5487251248
5989872060
5666445283
2013335201
2107595685
963586224
6242217630
1801821473
5464612911
5483710175
6271703354
5991094434
5782488916
5837430080
5140731991
6215691002
5184525475
1149986358
5042395739
5105020086
5375034572
6194106718
5492885648
5531297248
1443775679
1985121953
1895348804
5079647644
5436073891
5553029581
5187966699
1634480054
5630866087
993200969
1494882667
1998542142
6050992672
5865108410
5946979328

































742975858






5132922320


















5108574072
6298662640
5969235230












1130617884
1386134927
5950862351
2104190309
6089857827
5103938418
5581499835
5415692078






5900957734
1253700344


















1256309988












1094171090
1941951877






1793758833












5527202810
929368334
5713302705






























1080508441
















































5705999219


















6387285340
5561292738
5573000086






































































































5348311647






























































































































5090750610





























































































































5629553480












































































5060990117


























































































































































































































5487630210














































5708589375






































































































































































































































































































































































































































































































































































































































































































































































































































































































































































































































































































































































































1600733228




















1473216043






















































































































































6169082411




































































771184363
5810787143
5487149255

































6171836977














































































































5652406167


5715660955




















































































































































1713982367




















































































































522177398


















































5489075120
















6141925711
974632700











6256716158





5980885843
1730010682


























































1694661268
1196909882
























































































































































































































































































































723559736








































5196072370
803071801
























































































































2056074049
1043131965
































































































































































































































































































































1817812606








5733816249
5498601383
1520397285






5814300052
5616151301
1205562437
2146436024
5498586053


1627971575


6328766857






5456669314


1737423908
1663158480




5188086864














5272813398






















































































































































































































































































































































5981756452




























5823342370
































































































































































































5511115340












1010758481


























































































































































1314895604
















































































































































































5997803081
































































































































































































































































































5888601135
























































































































5717660507











































































































































































































































































































































































































































